755.7928106067621
26.54096268944243
-175.81147433458815
-215.57444831871433
364.461584437455
782.717148822607
-33.42473965222575
115.75832850281165
177.99507241611775
163.72675515228852
24.40236784780069
309.63741114418366
-2.302384804215137
-329.0007709964567
116.3137252406363
587.8157715785417
-124.21607634112934
504.880161125169
502.8201389983096
252.972671608451
660.3613012747319
258.62465649710657
-163.19314716507915
467.3097165820586
288.48309402470187
96.97089335451754
155.33755514216338
341.9498964301658
-199.93881056148186
361.4732762413966
